P	x1	T	y1	K1	K2	Gamma1	Gamma2
1	0	350,35259	0	4,431296	0,9999999	2,747499	1
1	0,05	346,1016	0,1739648	3,479295	0,8695108	2,521368	1,002592
1	0,1	343,20903	0,2858517	2,858517	0,7934981	2,309238	1,010529
1	0,15	341,16461	0,3636745	2,424497	0,7486182	2,117616	1,024004
1	0,2	339,67879	0,4211267	2,105633	0,7235917	1,947761	1,043225
1	0,25	338,57531	0,4656618	1,862647	0,712451	1,798697	1,068471
1	0,3	337,74124	0,5016929	1,67231	0,7118673	1,668598	1,10012
1	0,35	337,10165	0,5320255	1,520073	0,7199607	1,555424	1,138668
1	0,4	336,60568	0,5585656	1,396414	0,735724	1,457208	1,18475
1	0,45	336,21861	0,5826976	1,294884	0,7587313	1,372177	1,239153
1	0,5	335,91711	0,605505	1,21101	0,7889898	1,298781	1,30284
1	0,55	335,68646	0,6279068	1,141649	0,8268739	1,235699	1,376971
1	0,6	335,5189	0,6507552	1,084592	0,8731122	1,181818	1,462927
1	0,65	335,41279	0,6749135	1,038329	0,9288183	1,136214	1,562335
1	0,7	335,37239	0,7013308	1,001901	0,9955632	1,098124	1,677089
1	0,75	335,40817	0,7311254	0,9748338	1,075499	1,06693	1,809367
1	0,8	335,53762	0,7656901	0,9571126	1,17155	1,042132	1,961622
1	0,85	335,78657	0,8068434	0,9492275	1,287711	1,023333	2,136545
1	0,9	336,19134	0,8570501	0,9522779	1,429499	1,010215	2,336967
1	0,95	336,80164	0,9197672	0,968176	1,604655	1,002515	2,565659
1	1	337,68476	1	1	1,82426	1	2,824965
1,5	0	363,18547	0	4,416901	0,9999998	2,630036	1
1,5	0,05	358,5391	0,1743688	3,487376	0,8690855	2,430273	1,002424
1,5	0,1	355,34082	0,287625	2,87625	0,7915278	2,239624	1,009884
1,5	0,15	353,05605	0,3669625	2,446417	0,74475	2,064952	1,022608
1,5	0,2	351,37874	0,4258358	2,129179	0,7177053	1,908257	1,040831
1,5	0,25	350,12095	0,4716342	1,886537	0,7044877	1,76932	1,064849
1,5	0,3	349,1613	0,5087615	1,695872	0,7017692	1,646968	1,095048
1,5	0,35	348,41852	0,5400298	1,542942	0,7076464	1,539693	1,131929
1,5	0,4	347,83689	0,5673537	1,418384	0,7210772	1,445946	1,176123
1,5	0,45	347,37784	0,5921241	1,315831	0,7415926	1,364276	1,228411
1,5	0,5	347,01501	0,6154257	1,230852	0,7691483	1,293386	1,289749
1,5	0,55	346,73116	0,6381747	1,160317	0,8040565	1,232146	1,36129
1,5	0,6	346,51644	0,6612125	1,102021	0,8469691	1,179594	1,444412
1,5	0,65	346,36746	0,6853843	1,054437	0,8989022	1,13492	1,540744
1,5	0,7	346,28702	0,7116101	1,016586	0,9612991	1,097454	1,6522
1,5	0,75	346,28433	0,7409648	0,987953	1,036141	1,06665	1,780994
1,5	0,8	346,37581	0,7747762	0,9684703	1,126119	1,042068	1,929654
1,5	0,85	346,58643	0,8147654	0,9585475	1,234898	1,023361	2,10099
1,5	0,9	346,95178	0,8632484	0,9591649	1,367516	1,010256	2,298029
1,5	0,95	347,52104	0,9234497	0,9720523	1,531006	1,002532	2,523831
1,5	1	348,361	1	1	1,735358	1	2,781173
2	0	373,01013	0	4,412602	0,9999996	2,548551	1
2	0,05	368,04136	0,174824	3,49648	0,8686063	2,366386	1,002308
2	0,1	364,59494	0,2891023	2,891023	0,7898863	2,190272	1,009433
2	0,15	362,11516	0,3695297	2,463531	0,7417298	2,027227	1,021628
2	0,2	360,28217	0,4294146	2,147073	0,7132318	1,879674	1,039145
2	0,25	358,89855	0,4761085	1,904434	0,698522	1,747855	1,062289
2	0,3	357,8361	0,5140111	1,71337	0,6942698	1,631008	1,091454
2	0,35	357,00847	0,54594	1,559829	0,6985538	1,527968	1,127141
2	0,4	356,35608	0,5738162	1,43454	0,7103064	1,437462	1,169977
2	0,45	355,83734	0,599035	1,331189	0,7290272	1,358254	1,220739
2	0,5	355,42345	0,6226823	1,245365	0,7546352	1,289218	1,280375
2	0,55	355,09517	0,645671	1,173947	0,7873981	1,229356	1,350031
2	0,6	354,841	0,668835	1,114725	0,8279132	1,177809	1,431078
2	0,65	354,65614	0,6930057	1,066162	0,8771269	1,133848	1,525147
2	0,7	354,54216	0,7190821	1,02726	0,9363927	1,09687	1,634158
2	0,75	354,50724	0,7481072	0,9974762	1,007571	1,066379	1,760346
2	0,8	354,56689	0,781362	0,9767025	1,09319	1,041978	1,906282
2	0,85	354,7453	0,8204976	0,9652913	1,196683	1,023357	2,074856
2	0,9	355,07738	0,8677242	0,964138	1,322758	1,010275	2,269219
2	0,95	355,61171	0,9261021	0,9748443	1,477958	1,002543	2,492631
2	1	356,41451	1	0,9999999	1,671531	1	2,748163
2,5	0	381,0867	0	4,413033	0,999999	2,486402	1
2,5	0,05	375,84	0,1752871	3,505741	0,8681189	2,317272	1,002218
2,5	0,1	372,18043	0,2903927	2,903927	0,7884526	2,152036	1,009088
2,5	0,15	369,53318	0,3716755	2,477837	0,7392053	1,997777	1,020875
2,5	0,2	367,56634	0,4323467	2,161733	0,7095666	1,857198	1,037844
2,5	0,25	366,0743	0,4797335	1,918934	0,6936886	1,730855	1,060311
2,5	0,3	364,92302	0,5182345	1,727448	0,6882365	1,618278	1,088671
2,5	0,35	364,02187	0,5506721	1,573349	0,6912737	1,518549	1,123425
2,5	0,4	363,30797	0,5789727	1,447432	0,7017122	1,430594	1,165198
2,5	0,45	362,73719	0,604535	1,343411	0,7190273	1,35334	1,214761
2,5	0,5	362,27865	0,6284454	1,256891	0,743109	1,285785	1,273058
2,5	0,55	361,91145	0,6516145	1,184753	0,7741903	1,227031	1,341225
2,5	0,6	361,62267	0,6748699	1,124783	0,812826	1,1763	1,420628
2,5	0,65	361,40631	0,6990322	1,075434	0,8599087	1,132925	1,512896
2,5	0,7	361,26289	0,7249833	1,03569	0,9167222	1,096351	1,61995
2,5	0,75	361,19968	0,753741	1,004988	0,9850349	1,066124	1,744041
2,5	0,8	361,2314	0,7865504	0,983188	1,067248	1,041881	1,887767
2,5	0,85	361,3815	0,8250071	0,9705966	1,166619	1,023339	2,054073
2,5	0,9	361,68427	0,8712394	0,9680437	1,287606	1,010284	2,246201
2,5	0,95	362,18769	0,9281809	0,9770325	1,436382	1,002549	2,46756
2,5	1	362,95741	1	0,9999999	1,621634	1	2,721443
3	0	388,0054	0	4,416015	1	2,436309	1
3	0,05	382,5117	0,1757432	3,514865	0,8676387	2,27744	1,002146
3	0,1	378,6629	0,2915499	2,915499	0,7871667	2,120836	1,008808
3	0,15	375,8671	0,3735392	2,490261	0,7370127	1,973604	1,020263
3	0,2	373,7814	0,4348536	2,174268	0,706433	1,838642	1,036787
3	0,25	372,19297	0,4828048	1,931219	0,6895936	1,716741	1,058699
3	0,3	370,96254	0,5217917	1,739306	0,6831547	1,607651	1,0864
3	0,35	369,99571	0,5546417	1,58469	0,6851667	1,510641	1,120388
3	0,4	369,22675	0,5832854	1,458213	0,6945244	1,424795	1,161286
3	0,45	368,60926	0,6091244	1,35361	0,7106829	1,349163	1,209862
3	0,5	368,11058	0,6332457	1,266492	0,7335083	1,282846	1,267051
3	0,55	367,70834	0,6565578	1,193741	0,7632055	1,225025	1,333985
3	0,6	367,38835	0,6798827	1,133137	0,8002941	1,174984	1,412024
3	0,65	367,14357	0,7040322	1,083126	0,8456233	1,132109	1,50279
3	0,7	366,9736	0,7298741	1,042677	0,9004198	1,095883	1,608208
3	0,75	366,88489	0,7584055	1,011207	0,9663773	1,065886	1,730535
3	0,8	366,89141	0,790841	0,9885513	1,045795	1,041783	1,872392
3	0,85	367,01598	0,8287316	0,9749784	1,141789	1,023315	2,036763
3	0,9	367,29228	0,8741385	0,971265	1,258615	1,010286	2,226963
3	0,95	367,76771	0,9298924	0,9788342	1,402151	1,002553	2,446514
3	1	368,50735	1	0,9999999	1,580641	1	2,698888
3,5	0	394,094	0	4,420462	1	2,394443	1
3,5	0,05	388,3761	0,1761869	3,523739	0,8671716	2,243978	1,002086
3,5	0,1	384,356	0,2926055	2,926055	0,7859939	2,094493	1,008573
3,5	0,15	381,4256	0,3751977	2,501318	0,7350615	1,953094	1,019749
3,5	0,2	379,2322	0,4370564	2,185282	0,7036794	1,822824	1,035897
3,5	0,25	377,5562	0,4854831	1,941933	0,6860225	1,704655	1,057341
3,5	0,3	376,2538	0,5248785	1,749595	0,6787451	1,598509	1,084482
3,5	0,35	375,2271	0,5580741	1,594497	0,6798861	1,503807	1,11782
3,5	0,4	374,4079	0,5870047	1,467512	0,6883255	1,419759	1,157975
3,5	0,45	373,7477	0,6130744	1,362388	0,7035011	1,345518	1,20571
3,5	0,5	373,2123	0,6373706	1,274741	0,7252587	1,280266	1,261954
3,5	0,55	372,77791	0,6607998	1,201454	0,7537793	1,223253	1,327834
3,5	0,6	372,42929	0,6841795	1,140298	0,7895529	1,173813	1,404703
3,5	0,65	372,15841	0,7083134	1,089712	0,8333917	1,131374	1,494181
3,5	0,7	371,96407	0,7340577	1,048654	0,8864751	1,095455	1,598189
3,5	0,75	371,85195	0,7623916	1,016522	0,9504332	1,065664	1,718991
3,5	0,8	371,83536	0,7945039	0,9931299	1,02748	1,041687	1,859222
3,5	0,85	371,93651	0,8319077	0,978715	1,120615	1,023287	2,021901
3,5	0,9	372,18849	0,8766075	0,9740084	1,233925	1,010285	2,210397
3,5	0,95	372,63818	0,9313479	0,9803662	1,373042	1,002556	2,428327
3,5	1	373,3501	1	0,9999998	1,545845	1	2,67931
4	0	399,5545	0	4,425787	1	2,358543	1
4	0,05	393,6304	0,1766161	3,532321	0,8667199	2,215159	1,002034
4	0,1	389,4527	0,2935798	2,935798	0,7849113	2,071706	1,008371
4	0,15	386,3986	0,3766987	2,511325	0,7332956	1,935279	1,019306
4	0,2	384,1062	0,4390293	2,195146	0,7012134	1,80903	1,035129
4	0,25	382,3496	0,4878664	1,951466	0,6828448	1,694073	1,056167
4	0,3	380,9809	0,5276133	1,758711	0,6748382	1,590474	1,082823
4	0,35	379,899	0,5611057	1,603159	0,6752219	1,497777	1,115597
4	0,4	379,0333	0,5902822	1,475706	0,6828629	1,415297	1,155105
4	0,45	378,3335	0,6165485	1,370108	0,6971836	1,342275	1,202107
4	0,5	377,764	0,6409937	1,281987	0,7180129	1,277961	1,257527
4	0,55	377,2998	0,6645212	1,20822	0,74551	1,22166	1,322485
4	0,6	376,9245	0,687944	1,146573	0,7801399	1,172752	1,39833
4	0,65	376,6294	0,712061	1,095478	0,8226829	1,130703	1,486676
4	0,7	376,4124	0,7377172	1,053881	0,8742774	1,09506	1,589444
4	0,75	376,2785	0,7658752	1,021167	0,9364991	1,065454	1,7089
4	0,8	376,2405	0,7977019	0,9971276	1,011489	1,041594	1,847691
4	0,85	376,3199	0,8346782	0,9819743	1,102146	1,023257	2,008861
4	0,9	376,5493	0,8787588	0,9763987	1,212412	1,010282	2,195827
4	0,95	376,975	0,9326143	0,9816993	1,347713	1,002558	2,412284
4	1	377,6611	1	0,9999997	1,515619	1	2,661977
4,5	0	404,521	0	4,431637	1	2,327162	1
4,5	0,05	398,4053	0,17703	3,540601	0,8662842	2,189871	1,001989
4,5	0,1	394,0813	0,2944869	2,944869	0,7839034	2,051638	1,008193
4,5	0,15	390,9124	0,378074	2,520494	0,7316776	1,919532	1,018917
4,5	0,2	388,5278	0,4408209	2,204105	0,6989738	1,796794	1,034454
4,5	0,25	386,6962	0,4900188	1,960075	0,6799749	1,684655	1,055134
4,5	0,3	385,2657	0,5300738	1,766913	0,6713231	1,583298	1,081362
4,5	0,35	384,1323	0,563826	1,610931	0,671037	1,492374	1,113637
4,5	0,4	383,2232	0,593217	1,483042	0,6779717	1,411286	1,152572
4,5	0,45	382,4864	0,6196545	1,377011	0,6915363	1,339348	1,198924
4,5	0,5	381,885	0,6442283	1,288456	0,711544	1,275871	1,253612
4,5	0,55	381,3927	0,667839	1,214253	0,7381356	1,22021	1,317751
4,5	0,6	380,9925	0,6912984	1,152164	0,771754	1,171782	1,392685
4,5	0,65	380,6746	0,7153972	1,100611	0,813151	1,130085	1,480022
4,5	0,7	380,4364	0,7409713	1,05853	0,8634289	1,094692	1,581681
4,5	0,75	380,2821	0,7689711	1,025295	0,9241164	1,065256	1,69993
4,5	0,8	380,224	0,8005417	1,000677	0,9972904	1,041503	1,837426
4,5	0,85	380,283	0,8371359	0,9848657	1,085761	1,023226	1,997233
4,5	0,9	380,4912	0,8806653	0,978517	1,193347	1,010278	2,182807
4,5	0,95	380,8945	0,9337353	0,9828793	1,325294	1,002559	2,397912
4,5	1	381,5563	1	0,9999995	1,488903	1	2,646399
5	0	409,0874	0	4,437792	1	2,299322	1
5	0,05	402,7922	0,177429	3,54858	0,8658642	2,167361	1,001948
5	0,1	398,3314	0,2953371	2,953371	0,7829588	2,033714	1,008036
5	0,15	395,0548	0,379346	2,528974	0,7301811	1,905423	1,018571
5	0,2	392,5839	0,4424655	2,212328	0,6969181	1,785796	1,033852
5	0,25	390,6821	0,491985	1,96794	0,6773533	1,676165	1,054212
5	0,3	389,1935	0,532314	1,77438	0,6681229	1,57681	1,080057
5	0,35	388,0116	0,5662965	1,61799	0,6672362	1,487474	1,111884
5	0,4	387,0616	0,5958773	1,489693	0,6735379	1,407637	1,150306
5	0,45	386,29	0,622466	1,383258	0,6864246	1,336677	1,196074
5	0,5	385,6584	0,6471526	1,294305	0,7056959	1,273958	1,250104
5	0,55	385,1398	0,6708359	1,219702	0,7314757	1,218876	1,313506
5	0,6	384,716	0,6943251	1,157209	0,7641872	1,170886	1,387617
5	0,65	384,3766	0,718405	1,105239	0,8045571	1,12951	1,474043
5	0,7	384,1183	0,7439034	1,062719	0,8536555	1,094348	1,574699
5	0,75	383,9448	0,7717581	1,02901	0,9129691	1,065069	1,691854
5	0,8	383,8676	0,8030963	1,00387	0,984518	1,041415	1,828171
5	0,85	383,9074	0,8393449	0,9874645	1,071034	1,023195	1,986733
5	0,9	384,0957	0,8823773	0,9804192	1,176227	1,010272	2,17103
5	0,95	384,4778	0,9347408	0,9839377	1,305184	1,00256	2,384883
5	1	385,1166	1	0,9999994	1,464972	1	2,632237
5,5	0	413,3222	0	4,444105	0,9999999	2,27433	1
5,5	0,05	406,8581	0,1778134	3,556268	0,8654596	2,14709	1,001912
5,5	0,1	402,2682	0,296138	2,96138	0,7820689	2,017525	1,007894
5,5	0,15	398,8902	0,3805312	2,536874	0,7287869	1,892643	1,018259
5,5	0,2	396,3379	0,4439878	2,219939	0,6950153	1,775807	1,033309
5,5	0,25	394,3697	0,4937972	1,975189	0,674937	1,668432	1,05338
5,5	0,3	392,8262	0,5343726	1,781242	0,665182	1,570886	1,078878
5,5	0,35	391,5985	0,5685618	1,624462	0,6637511	1,482988	1,110299
5,5	0,4	390,6098	0,5983125	1,495781	0,6694791	1,404287	1,148255
5,5	0,45	389,8052	0,6250362	1,38897	0,6817518	1,334218	1,193493
5,5	0,5	389,145	0,6498229	1,299645	0,7003557	1,272191	1,246925
5,5	0,55	388,6013	0,67357	1,224673	0,7254001	1,217641	1,309656
5,5	0,6	388,1551	0,697084	1,161807	0,7572899	1,170052	1,383019
5,5	0,65	387,7953	0,7211447	1,109453	0,7967294	1,128973	1,468613
5,5	0,7	387,5179	0,7465721	1,066532	0,8447598	1,094024	1,568352
5,5	0,75	387,3261	0,7742925	1,03239	0,9028298	1,064891	1,684505
5,5	0,8	387,2309	0,8054182	1,006773	0,972909	1,041331	1,819741
5,5	0,85	387,2525	0,8413508	0,9898247	1,057659	1,023163	1,977156
5,5	0,9	387,4218	0,8839307	0,9821452	1,160693	1,010265	2,16027
5,5	0,95	387,7838	0,9356522	0,9848971	1,286955	1,00256	2,372956
5,5	1	388,4009	1	0,9999993	1,443304	1	2,619242
6	0	417,277	0	4,450479	0,9999999	2,251676	1
6	0,05	410,653	0,1781837	3,563674	0,8650698	2,128665	1,001879
6	0,1	405,941	0,2968958	2,968958	0,7812269	2,002769	1,007765
6	0,15	402,4669	0,3816419	2,544279	0,7274801	1,880964	1,017976
6	0,2	399,8374	0,4454064	2,227032	0,693242	1,766655	1,032815
6	0,25	397,8061	0,4954797	1,981919	0,6726938	1,66133	1,052622
6	0,3	396,2106	0,5362787	1,787596	0,662459	1,565432	1,077803
6	0,35	394,9394	0,5706551	1,630443	0,6605306	1,478848	1,108854
6	0,4	393,9139	0,6005595	1,501399	0,6657342	1,401188	1,146383
6	0,45	393,0777	0,6274048	1,394233	0,6774456	1,331938	1,191136
6	0,5	392,3903	0,6522803	1,304561	0,6954394	1,270548	1,24402
6	0,55	391,8227	0,6760847	1,229245	0,7198118	1,216488	1,306135
6	0,6	391,3551	0,6996197	1,166033	0,7509508	1,16927	1,378809
6	0,65	390,9758	0,7236609	1,113325	0,7895402	1,128468	1,463639
6	0,7	390,6802	0,7490215	1,070031	0,836595	1,093717	1,562534
6	0,75	390,471	0,7766176	1,03549	0,8935297	1,06472	1,677762
6	0,8	390,3586	0,8075466	1,009433	0,9622679	1,041249	1,811997
6	0,85	390,3627	0,8431885	0,9919866	1,045408	1,023132	1,968348
6	0,9	390,514	0,8853525	0,983725	1,146475	1,010258	2,15036
6	0,95	390,8568	0,9364857	0,9857744	1,270286	1,00256	2,361952
6	1	391,4532	1	0,9999992	1,423514	1	2,607226
